goingdown : 1 Speed : 36.134871342388415 km/hr (overspeeding)
goingdown : 2 Speed : 31.76268483188458 km/hr (overspeeding)
goingdown : 3 Speed : 43.480836403490336 km/hr (overspeeding)
